-- Example 0
4 5 8
1 1
1 4
1 5
2 3
3 1
3 2
3 4
4 4
-- Answer 0
0
0
0
2
4
0
0
0
0
0
-- Example 1
10 10 20
1 1
1 4
1 9
2 5
3 10
4 2
4 7
5 9
6 4
6 6
6 7
7 1
7 3
7 7
8 1
8 5
8 10
9 2
10 4
10 9
-- Answer 1
4
26
22
10
2
0
0
0
0
0
-- Example 2
1000000000 1000000000 0
-- Answer 2
999999996000000004
0
0
0
0
0
0
0
0
0
-- Example 3
H W N
a_1 b_1
:
a_N b_N
-- Answer 3
4 5 8
1 1
1 4
1 5
2 3
3 1
3 2
3 4
4 4
-- Example 4
0
0
0
2
4
0
0
0
0
0
-- Answer 4
10 10 20
1 1
1 4
1 9
2 5
3 10
4 2
4 7
5 9
6 4
6 6
6 7
7 1
7 3
7 7
8 1
8 5
8 10
9 2
10 4
10 9
-- Example 5
4
26
22
10
2
0
0
0
0
0
-- Answer 5
1000000000 1000000000 0
-- Example 6
999999996000000004
0
0
0
0
0
0
0
0
0
